runNum:1000 <|>  bestFitness:0.9783255198184362 <|> logFitness:0.9783255198184362 <|> similarity:0.0 <|> time:0:0:0:0.469
runNum:1000 <|>  bestFitness:0.5714285714285714 <|> logFitness:0.8724985659313081 <|> similarity:0.5714285714285714 <|> time:0:0:0:0.48
runNum:1000 <|>  bestFitness:0.7267351315506487 <|> logFitness:0.9707116424116424 <|> similarity:0.48275862068965514 <|> time:0:0:0:0.465
